[ASSETS]
assets\mario.txt
assets\brick.txt
assets\coin.txt
assets\goomba.txt
assets\cloud.txt
assets\box.txt
assets\mushroom.txt
assets\pipe.txt
assets\scenery_object.txt

# RENDERING ORDER IS IMPORTANT
[OBJECTS]
# type	x	y	
# type: 0 = Mario , 1 = Brick, 2 = Goomba, 3 = Koopas, 4 = Coins, 5 = Platform, 6 = Box Platform, 7 = Pipe, 8 - Tussock



#BOX PLATFORM
6	272	336	16	16	3	5	61002	62002	63002	64002	65002	66002	67002	68002	69002	60051	60052	60052
6	240	368	16	16	3	3	61000	62000	63000	64000	65000	66000	67000	68000	69000	60021	60022	60023

6	1328	320	16	16	7	6	61002	62002	63002	64002	65002	66002	67002	68002	69002	60051	60052	60052
6	1296	352	16	16	7	4	61000	62000	63000	64000	65000	66000	67000	68000	69000	60021	60022	60023
6	1264	384	16	16	7	2	61001	62001	63001	64001	65001	66001	67001	68001	69001	60001	60002	60003

6	512	304	16	16	4	7	61003	62003	63003	64003	65003	66003	67003	68003	69003	60051	60052	60052
6	464	336	16	16	4	5	61000	62000	63000	64000	65000	66000	67000	68000	69000	60031	60032	60032
6	400	368	16	16	5	3	61001	62001	63001	64001	65001	66001	67001	68001	69001	60001	60002	60003
6	512	384	16	16	6	2	61001	62001	63001	64001	65001	66001	67001	68001	69001	60051	60052	60052

6	2176	272	16	16	3	9	61001	62001	63001	64001	65001	66001	67001	68001	69001	60051	60052	60052
6	2144	368	16	16	3	3	61000	62000	63000	64000	65000	66000	67000	68000	69000	60011	60012	60013


#SCENERY OBJECT 
#(sprite id will be in order from L to R, T to B), -1 (sprite_id will not be rendered)
# First Tussock
8	16	352	16 	16	8	4	-1	80000	80001	-1 	-1	-1	-1	-1	80000	80006	80004	80000	80001	80000	80001	-1	80003	80005	80006	80002	80004 	80003	80005	80001	80003	80002	80002	80002	80005	80006	80002	80004	
8 	816	336	16	16	8	4	-1	-1	-1	-1	80000	80001	-1	-1	-1	80000	80001	80000	80006	80004	80000	80001	-1	80003	80005	80006	80005	80006	80002	80004	80000	80006	80002	80002	80002	80002	80002	80004
8	944	352	16	16	4	3	-1	80000	80001	-1	-1	80003	80005	80001	80000	80006	80002	80004
8	1888	368	16	16	4	3	-1 	80000	80001	-1	-1	80003	80005	80001	80000	80006	80002	80004
8	2368	289	16	16	6	8	-1	-1 	80000	80001	-1	-1	-1	-1	80003	80005	80001	-1	-1	-1	80003	80002	80004	-1	-1	80000	80006	80002	80004	-1	80000	80006	80002	80002	80004	-1	80003	80002	80002	80002	80004	-1	80003	80002	80002	80002	80005	80001	80003	80002	80002	80002	80002	80004	

#small grass
8 	160	400	16	16	3	1	80007	80007	80007
8	671	384	16	16	6	1	80007	80007	80007	80007	80007	80007
8	1039	384	16	16	2	1	80007	80007
8	1183	400	16	16	3	1	80007	80007	80007
8	1727	400	16	16	3	1	80007	80007	80007

#cloud
8 	111	273	16	16	4	2	80008	80009	80009	80010	80011	80012	80012	80013
8 	319	256	16	16	3	2	80008	80009	80010	80011	80012	80013
8	640	272	16	16	3	2	80008	80009	80010	80011	80012	80013
8	719	304	16	16	5	2	80008	80009	80009	80009	80010	80011	80012	80012	80012	80013
8	1168	272	16	16	3	2	80008	80009	80010	80011	80012	80013
8 	1655	272	16	16	5	2	80008	80009	80009	80009	80010	80011	80012	80012	80012	80013
8	2327	288	16	16	3	2	80008	80009	80010	80011	80012	80013

#small stars
8	111	31	16	16	1	1	80014
8	223	63	16	16	1	1	80015
8	255	63	16	16	1	1	80016
8	255	31	16	16	1	1	80016
8	287	79	16	16	2	1	80016	80014	
8	335	31	16	16	1	1	80014
8	367	63	16	16	1	1	80014
8	591	47	16	16	2	1	80014	80015
8	671	15	16	16	1	1	80015
8	751	15	16	16	1	1	80014
8	751	47	16	16	1	1	80014	
8	799	15	16	16	1	1	80015
8	831	31	16	16	1	1	80016
8	959	63	16	16	1	1	80016
8	1103	111	16	16	1	1	80014
8	1183	127	16	16	1	1	80015
8	1215	127	16	16	1	1	80016
8	1263	47	16	16	1	1	80014
8	1359	31	16	16	1	1	80014
8	1391	143	16	16	1	1	80014
8	1455	95	16	16	1	1	80014
8	1487	79	16	16	1	1	80014
8	1503	95	16	16	1	1	80015
8	1503	63	16	16	1	1	80015
8	1614	31	16	16	1	1	80014
8	1679	63	16	16	1	1	80014
8	1727	63	16	16	1	1	80016
8	1855	79	16	16	1	1	80016
8	1919	143	16	16	1	1	80016
8	1919	15	16	16	1	1	80016
8	1951	15	16	16	1	1	80015
8	2111	111	16	16	1	1	80016
8	2223	79	16	16	1	1	80014
8	2383	0	16	16	1	1	80014
8	2447	0	16	16	1	1	80014
8	2415	143	16	16	1	1	80014

# MARIO
0	20	350

# GOOMBA
#2	300	230

#PIPE
2	300	500
7	352	368	16	16	3	70000	70001	70002	70003
4	192	500
7	1792	384	16	16	2	70000	70001	70002	70003
4	192	500
7	1856	368	16	16	3	70000	70001	70002	70003
4	192	500
7	2256	368	16	16	3	20010	20010	70002	70003
4	192	500
7	2256	112	16	16	12	20010	20010	70002	70003
4	192	500
7	2320	384	16	16	2	70000	70001	70002	70003	


# FLOOR 1
#type	x	y	type of brick
1	0	416	3
1	16	416	4
1	32	416	4
1	48	416	4
1	64	416	4
1	80	416	4
1	96	416	4
1	112	416	4
1	128	416	4
1	144	416	4
1	160	416	4
1	176	416	4
1	192	416	4
1	208	416	4
1	224	416	4
1	240	416	4
1	256	416	4
1	272	416	4
1	288	416	4
1	304	416	4
1	320	416	4
1	336	416	4
1	352	416	4
1	368	416	4
1	384	416	4
1	400	416	4
1	416	416	4
1	432	416	4
1	448	416	4
1	464	416	4
1	480	416	4
1	496	416	4
1	512	416	4
1	528	416	4
1	544	416	4
1	560	416	4
1	576	416	4
1	592	416	4
1	608	416	5

# FLOOR 2
1	624	416	0
1	640	416	1
1	656	416	1
1	672	416	1
1	688	416	1
1	704	416	1
1	720	416	1
1	736	416	1
1	752	416	1
1	768	416	1
1	784	416	1
1	800	416	1
1	816	416	1
1	832	416	1
1	848	416	1
1	864	416	1
1	880	416	1
1	896	416	1
1	912	416	1
1	928	416	1
1	944	416	1
1	960	416	1
1	976	416	1
1	992	416	1
1	1008	416	1
1	1024	416	1
1	1040	416	1
1	1056	416	1
1	1072	416	2
1	624	400	3
1	640	400	4
1	656	400	4
1	672	400	4
1	688	400	4
1	704	400	4
1	720	400	4
1	736	400	4
1	752	400	4
1	768	400	4
1	784	400	4
1	800	400	4
1	816	400	4
1	832	400	4
1	848	400	4
1	864	400	4
1	880	400	4
1	896	400	4
1	912	400	4
1	928	400	4
1	944	400	4
1	960	400	4
1	976	400	4
1	992	400	4
1	1008	400	4
1	1024	400	4
1	1040	400	4
1	1056	400	4
1	1072	400	5

# FLOOR 3
1	1152	416	3
1	1168	416	4
1	1184	416	4
1	1200	416	4
1	1216	416	4
1	1232	416	4
1	1248	416	4
1	1264	416	4
1	1280	416	4
1	1296	416	4
1	1312	416	4
1	1328	416	4
1	1344	416	4
1	1360	416	4
1	1376	416	4
1	1392	416	4
1	1408	416	4
1	1424	416	4
1	1440	416	4
1	1456	416	4
1	1472	416	4
1	1488	416	5

# FLOOR 4
1	1536	416	3
1	1552	416	4
1	1568	416	4
1	1584	416	4
1	1600	416	5

# FLOOR 5
1	1664	416	3
1	1680	416	4
1	1696	416	4
1	1712	416	4
1	1728	416	4
1	1744	416	4
1	1760	416	4
1	1776	416	4
1	1792	416	4
1	1808	416	4
1	1824	416	4
1	1840	416	4
1	1856	416	4
1	1872	416	4
1	1888	416	4
1	1904	416	4
1	1920	416	4
1	1936	416	4
1	1952	416	4
1	1968	416	4
1	1984	416	4
1	2000	416	4
1	2016	416	4
1	2032	416	4
1	2048	416	4
1	2064	416	4
1	2080	416	4
1	2096	416	4
1	2112	416	4
1	2128	416	4
1	2144	416	4
1	2160	416	4
1	2176	416	4
1	2192	416	4
1	2208	416	4
1	2224	416	5

# FLOOR 6
1	2256	416	3
1	2272	416	4
1	2288	416	4
1	2304	416	4
1	2320	416	4
1	2336	416	4
1	2352	416	4
1	2368	416	4
1	2384	416	4
1	2400	416	4
1	2416	416	4
1	2432	416	4
1	2448	416	4
1	2464	416	4
1	2480	416	4
1	2496	416	4
1	2512	416	4
1	2528	416	4
1	2544	416	4
1	2560	416	4
1	2576	416	4
1	2592	416	4
1	2608	416	4
1	2624	416	4
1	2640	416	4
1	2656	416	4
1	2672	416	4
1	2688	416	4
1	2704	416	4
1	2720	416	4
1	2736	416	4
1	2752	416	4
1	2768	416	4
1	2784	416	4
1	2800	416	5

#PROP BLOCK
1	1504	336	10
1	1520	336	10
1	1568	400	10
1	1584	400	10
1	1584	384	10
1	1600	400	10
1	1600	384	10
1	1600	368	10
1	1664	400	10
1	1664	384	10
1	1664	368	10
1	1680	400	10
1	1680	384	10
1	1696	400	10
1	2256	304	10
1	2272	304	10

#QUESTION BLOCK WITH ITEMS (Item is loaded at 500 because am too lazy to implement a smart solution)
4	176	500	
21	176	352	20
4	192	500	
21	192	352	20
4	224	500
21	224	304	20
22	240	500
21	240	304	20
4	416	500
21	416	320	20
4	656	500
21	656	384	20
4	704	500
21	704	352	20
4	1472	500
21	1472	368	20

# COIN

# PLATFORM
#5	90	136	16	16	16	51000	52000	53000
#5	120	90	16	16	8	20001	20001	20001

# PORTAL 
#50	100	350	116	382	2