# id	left	top	right	bottom	texture_id
[SPRITES]
#####  BIG ###############
#IDLE LEFT & RIGHT					
11121	453	180	468	207	1
11111	1	93	16	120	1
					
#WALKING RIGHT					
11222	433	180	450	207	1
11223	415	180	432	207	1
					
#WALKING LEFT					
11212	19	93	36	120	1
11213	37	93	54	120	1
					
#RUNNING RIGHT					
11321	358	180	377	207	1
11322	332	180	351	207	1
11323	306	180	325	207	1
					
#RUNNING LEFT					
11311	91	93	110	120	1
11312	117	93	136	120	1
11313	143	93	162	120	1
					
#JUMP WALK RIGHT & LEFT					
11417	379	180	396	207	1
11413	73	93	90	120	1
					
#JUMP RUN RIGHT & LEFT					
11427	280	180	299	207	1
11423	169	93	188	120	1
					
#SIT RIGHT & LEFT 					
11521	399	189	414	208	1
11511	55	102	70	121	1
					
#BRACE RIGHT & LEFT 		
11621	257	179	274	206	1
11611	195	92	212	119	1


#DIE
13001	307	16	334	33	1

############ SMALL ################
 #IDLE
12121	309	55	322	70	1
12111	3	17	16	32	1

#WALK RIGHT					
12222	289	54	306	71	1
					
#WALK LEFT					
12212	20	16	37	33	1

#RUN RIGHT					
12321	253	54	270	71	1
12322	235	54	252	71	1
					
#RUN LEFT					
12311	55	16	72	33	1
12312	73	16	90	33	1

#BRACE RIGHT & LEFT
12511	110	16	125	33	1
12521	200	54	215	71	1

#JUMP WALK RIGHT & LEFT 
12413	37	16	54	33	1
12417	271	54	288	71	1

#JUMP RUN RIGHT & LEFT 
12423	91	16	108	33	1
12427	217	54	234	71	1

# ani_id	sprite1_id	time1	sprite2_id	time2	...
[ANIMATIONS]
#CHANGING LEVEL
300	11121	100	12121	100
301	11111	100	12111	100

#IDLE
400	11121	100
401	11111	100

#WALKING RIGHT & LEFT 
500	11121	100	11222	100	11223	100
501	11111	100	11212	100	11213	100

#RUNNING RIGHT & LEFT
600	11321	50	11322	50	11323	50
601	11311	50	11312	50	11313	50

#JUMP WALK
700	11417	100
701	11413	100

#JUMP RUN
800	11427	100
801	11423	100

#SIT RIGHT & LEFT 
900	11521	100
901	11511	100

#BRACE RIGHT & LEFT 
1000	11621	100
1001	11611	100

#DIE
999	13001	100

################### SMALL #################
1100	12121	100
1102	12111	100


#WALK LEFT & RIGHT 
1200	12121	100	12222	100
1201	12111	100	12212	100

#RUN LEFT & RIGHT
1300	12321	100	12322	100
1301	12311	100	12312	100

#BRACE LEFT & RIGHT
1401	12511	100
1400	12521	100

#JUMP WALK
1500	12417	100
1501	12413	100

#JUMP RUN 
1601	12423	100
1600	12427	100