# id	left	top	right	bottom	texture_id
[SPRITES]
50000	12	16	29	33	20		
50001	74	17	91	32	20
50002	52	17	69	32	20

#RED MUSHROOM RISE ANIMATION
50010	12	1	29	18	20
50011	12	2	29	19	20
50012	12	3	29	20	20
50013	12	4	29	21	20
50014	12	5	29	22	20
50015	12	6	29	23	20
50016	12	7	29	24	20
50017	12	8	29	25	20
50018	12	9	29	26	20
50019	12	10	29	27	20
50020	12	11	29	28	20
50021	12	12	29	29	20
50022	12	13	29	30	20
50023	12	14	29	31	20



# ani_id	sprite1_id	time1	sprite2_id	time2	...
[ANIMATIONS]
#RED MUSHROOM RISE ANIMATION
14000	50010	50	50011	50	50013	50	50014	50	50015	50	50016	50	50017	50	50018	50	50019	50	50020	50	50021	50	50022	50	50023	50
